R1: 1
R2: 100
R3: 100
R4: 100
R5: 100
R6: 100
R7: 100
R8: 100
R9: 100

P1: [0, 1, 0, 7, 3] ,  [7, 1, 2, 11, 3] 0 0 0 0 0 0 0 0
P2: [0, 1, 2, 2, 0] ,  [6, 1, 2, 2, 1] 0 0 0 0 0 0 0 0
P3: [0, 2, 0, 1, 0] ,  [1, 2, 0, 1, 0] 0 0 0 0 0 0 0 0
P4: [0, 1, 0, 1, 0] ,  [5, 1, 0, 2, 1] 0 0 0 0 0 0 0 0
P5: [0, 2, 0, 1, 0] ,  [7, 2, 1, 3, 1] 0 0 0 0 0 0 0 0
P6: [0, 0, 0, 0, 0] , [7, 8, 2, 10, 3] 0 0 0 0 0 0 0 0
P7: [0, 0, 0, 0, 0] , [8, 10, 1, 2, 1] 0 0 0 0 0 0 0 0
P8: [0, 0, 0, 0, 0] , [8, 10, 1, 2, 1] 0 0 0 0 0 0 0 0
P9: [0, 0, 0, 0, 0] , [8, 10, 1, 2, 1] 0 0 0 0 0 0 0 0